0 0.000000
1 0.000000
2 0.000000
3 0.000000
4 0.000000
5 0.000000
6 0.000000
7 0.000000
8 0.000000
9 0.000000
10 0.000015
11 0.000000
12 0.000000
13 0.000000
14 0.000000
15 0.000000
16 0.000000
17 0.000000
18 0.000000
19 0.000000
20 0.000000
21 0.000000
22 0.000000
23 0.000000
24 0.000015
25 0.000015
26 0.000015
27 0.000061
28 0.000137
29 0.000183
30 0.000198
31 0.000244
32 0.000153
33 0.000381
34 0.000427
35 0.000778
36 0.000870
37 0.000870
38 0.001129
39 0.001266
40 0.001495
41 0.001907
42 0.001984
43 0.002518
44 0.003082
45 0.003448
46 0.004257
47 0.004990
48 0.005508
49 0.006668
50 0.006577
51 0.007416
52 0.008209
53 0.007736
54 0.008026
55 0.007584
56 0.008667
57 0.007614
58 0.007050
59 0.007111
60 0.006302
61 0.005844
62 0.005280
63 0.004730
64 0.004517
65 0.004288
66 0.003815
67 0.003372
68 0.003830
69 0.003159
70 0.003220
71 0.003357
72 0.003418
73 0.003296
74 0.003311
75 0.003174
76 0.003387
77 0.003296
78 0.003723
79 0.003738
80 0.003906
81 0.003479
82 0.003387
83 0.003510
84 0.003387
85 0.003479
86 0.003586
87 0.003433
88 0.003464
89 0.003723
90 0.003830
91 0.003662
92 0.004257
93 0.004028
94 0.004349
95 0.004196
96 0.004471
97 0.004364
98 0.004807
99 0.004745
100 0.005096
101 0.006317
102 0.007111
103 0.008591
104 0.008392
105 0.008347
106 0.008026
107 0.007736
108 0.007721
109 0.007599
110 0.006439
111 0.005951
112 0.005112
113 0.005051
114 0.004883
115 0.004684
116 0.004730
117 0.004868
118 0.005096
119 0.005112
120 0.005386
121 0.005646
122 0.005737
123 0.006027
124 0.006729
125 0.006119
126 0.006454
127 0.007706
128 0.007507
129 0.007202
130 0.007721
131 0.009125
132 0.010544
133 0.010239
134 0.010025
135 0.010666
136 0.008957
137 0.007629
138 0.007370
139 0.006729
140 0.006470
141 0.007446
142 0.008133
143 0.009430
144 0.008804
145 0.009354
146 0.010422
147 0.010788
148 0.010498
149 0.010178
150 0.008591
151 0.008774
152 0.008728
153 0.008179
154 0.009079
155 0.009277
156 0.010986
157 0.011063
158 0.012146
159 0.011429
160 0.010376
161 0.009354
162 0.008499
163 0.008316
164 0.006897
165 0.006699
166 0.005035
167 0.005646
168 0.005371
169 0.005585
170 0.005157
171 0.004181
172 0.004791
173 0.005173
174 0.005081
175 0.005463
176 0.005142
177 0.004929
178 0.004745
179 0.004974
180 0.004333
181 0.004013
182 0.003952
183 0.003540
184 0.002701
185 0.002869
186 0.002670
187 0.002625
188 0.002502
189 0.002991
190 0.002655
191 0.003067
192 0.003204
193 0.003143
194 0.003387
195 0.003632
196 0.003433
197 0.003616
198 0.003342
199 0.003143
200 0.003357
201 0.003342
202 0.003342
203 0.003372
204 0.003647
205 0.003769
206 0.004105
207 0.004257
208 0.004303
209 0.004318
210 0.003433
211 0.003677
212 0.003830
213 0.003113
214 0.002655
215 0.002289
216 0.001572
217 0.001541
218 0.001373
219 0.001099
220 0.000931
221 0.000732
222 0.000580
223 0.000732
224 0.000641
225 0.000458
226 0.000336
227 0.000290
228 0.000290
229 0.000183
230 0.000092
231 0.000031
232 0.000076
233 0.000015
234 0.000031
235 0.000015
236 0.000031
237 0.000015
238 0.000000
239 0.000015
240 0.000000
241 0.000000
242 0.000000
243 0.000000
244 0.000000
245 0.000000
246 0.000000
247 0.000000
248 0.000000
249 0.000000
250 0.000000
251 0.000000
252 0.000000
253 0.000000
254 0.000000
